24
Ex13       0.0000000 0.5343387 0.6963295 0.6833694 0.4011582 0.2666552 0.0293850 0.3868684 0.3818135 0.6489155 0.5202304 0.5910691 0.6323688 0.5664873 0.1711750 0.4059396 0.0734344 0.6236700 0.6716624 0.4881370 0.5085585 0.7231014 0.5886174 0.4999637 
Ex20       0.5343387 0.0000000 1.6969678 1.6731768 1.2448106 0.2503494 0.5239335 1.2438444 1.2293004 1.5783205 1.4095626 0.0399871 0.1614671 1.5317975 0.3003747 1.2275940 0.5393862 1.6298400 1.6080800 1.3844639 1.4093268 1.7250204 1.5563024 1.3835142 
Ex17       0.6963295 1.6969678 0.0000000 0.0253712 0.3475640 0.9601095 0.6504216 0.3601250 0.3294906 0.0367117 0.4503845 1.7173776 1.2862818 0.1835942 0.8421368 0.3653439 0.5410301 0.0567287 0.0404653 0.4912174 0.4679531 0.0216483 0.1879190 0.4593113 
Ex16       0.6833694 1.6731768 0.0253712 0.0000000 0.3522087 1.0174470 0.6542971 0.3389811 0.3341412 0.0254268 0.4832941 1.6933196 1.2654638 0.1780932 0.8450322 0.3699686 0.5678870 0.0764280 0.0365839 0.4956562 0.4865020 0.0252476 0.1728099 0.4637820 
Ex4        0.4011582 1.2448106 0.3475640 0.3522087 0.0000000 0.6667974 0.3549237 0.0161600 0.0122347 0.3618845 0.2158036 1.2530921 0.8716484 0.2653857 0.5081994 0.0120521 0.2986057 0.3455775 0.3290414 0.2233806 0.2312106 0.3703996 0.2705140 0.1998718 
Ex21       0.2666552 0.2503494 0.9601095 1.0174470 0.6667974 0.0000000 0.2339346 0.6656135 0.6600549 1.0226238 0.7679686 0.2447330 0.4473528 0.9088823 0.0718741 0.6713953 0.2298306 0.9771048 0.9863290 0.8030365 0.7698129 1.0062878 0.8754418 0.7983175 
Ex9        0.0293850 0.5239335 0.6504216 0.6542971 0.3549237 0.2339346 0.0000000 0.3675689 0.3496592 0.6371620 0.4825204 0.5402528 0.6368585 0.5257441 0.1427654 0.3596107 0.0568047 0.5970136 0.5951373 0.4659627 0.5002309 0.6763764 0.5465780 0.4631083 
Ex8        0.3868684 1.2438444 0.3601250 0.3389811 0.0161600 0.6656135 0.3675689 0.0000000 0.0205057 0.3483818 0.2268215 1.2516763 0.8910991 0.2650331 0.5227886 0.0201960 0.3105246 0.3450817 0.3413653 0.2231029 0.2309243 0.3831542 0.2580785 0.2107100 
Ex3        0.3818135 1.2293004 0.3294906 0.3341412 0.0122347 0.6600549 0.3496592 0.0205057 0.0000000 0.3565696 0.1998391 1.2371127 0.8628285 0.2482476 0.5023358 0.0246239 0.2814206 0.3273582 0.3238603 0.2071409 0.2150643 0.3520537 0.2533308 0.1841486 
Ex7        0.6489155 1.5783205 0.0367117 0.0254268 0.3618845 1.0226238 0.6371620 0.3483818 0.3565696 0.0000000 0.5104240 1.7199092 1.1928778 0.1841114 0.8467812 0.3665986 0.5975707 0.0728101 0.0330097 0.4933963 0.5135520 0.0516638 0.1884150 0.4902980 
Ex12       0.5202304 1.4095626 0.4503845 0.4832941 0.2158036 0.7679686 0.4825204 0.2268215 0.1998391 0.5104240 0.0000000 1.4008436 1.0393072 0.3914694 0.6504020 0.2204751 0.4069742 0.4353089 0.4726008 0.0272333 0.0348278 0.4288101 0.3832844 0.0271291 
Ex15       0.5910691 0.0399871 1.7173776 1.6933196 1.2530921 0.2447330 0.5402528 1.2516763 1.2371127 1.7199092 1.4008436 0.0000000 0.1488884 1.5666228 0.3037459 1.2360584 0.5561013 1.6660670 1.6644251 1.3956622 1.4211362 1.7285600 1.5333667 1.3738680 
Ex18       0.6323688 0.1614671 1.2862818 1.2654638 0.8716484 0.4473528 0.6368585 0.8910991 0.8628285 1.1928778 1.0393072 0.1488884 0.0000000 1.1495095 0.5268262 0.8768689 0.6564235 1.2431541 1.2336166 1.0386518 1.0809874 1.2960736 1.1554098 1.0128735 
Ex6        0.5664873 1.5317975 0.1835942 0.1780932 0.2653857 0.9088823 0.5257441 0.2650331 0.2482476 0.1841114 0.3914694 1.5666228 1.1495095 0.0000000 0.7231942 0.2701532 0.4738450 0.1519516 0.1506708 0.3613808 0.3951599 0.1920712 0.0190597 0.3726302 
Ex5        0.1711750 0.3003747 0.8421368 0.8450322 0.5081994 0.0718741 0.1427654 0.5227886 0.5023358 0.8467812 0.6504020 0.3037459 0.5268262 0.7231942 0.0000000 0.5128969 0.1487976 0.8243483 0.7969884 0.6488868 0.6695429 0.8697853 0.7289820 0.6286667 
Ex4REF     0.4059396 1.2275940 0.3653439 0.3699686 0.0120521 0.6713953 0.3596107 0.0201960 0.0246239 0.3665986 0.2204751 1.2360584 0.8768689 0.2701532 0.5128969 0.0000000 0.3156103 0.3246516 0.3337175 0.2167461 0.2473043 0.3752223 0.2632363 0.2045221 
Ex11       0.0734344 0.5393862 0.5410301 0.5678870 0.2986057 0.2298306 0.0568047 0.3105246 0.2814206 0.5975707 0.4069742 0.5561013 0.6564235 0.4738450 0.1487976 0.3156103 0.0000000 0.5634491 0.5421491 0.4177894 0.4106419 0.5886987 0.4792868 0.3887039 
Ex23       0.6236700 1.6298400 0.0567287 0.0764280 0.3455775 0.9771048 0.5970136 0.3450817 0.3273582 0.0728101 0.4353089 1.6660670 1.2431541 0.1519516 0.8243483 0.3246516 0.5634491 0.0000000 0.0528923 0.4188096 0.4387522 0.0642957 0.1657157 0.4441306 
Ex19       0.6716624 1.6080800 0.0404653 0.0365839 0.3290414 0.9863290 0.5951373 0.3413653 0.3238603 0.0330097 0.4726008 1.6644251 1.2336166 0.1506708 0.7969884 0.3337175 0.5421491 0.0528923 0.0000000 0.4559400 0.4761287 0.0478253 0.1642817 0.4531282 
Ex14       0.4881370 1.3844639 0.4912174 0.4956562 0.2233806 0.8030365 0.4659627 0.2231029 0.2071409 0.4933963 0.0272333 1.3956622 1.0386518 0.3613808 0.6488868 0.2167461 0.4177894 0.4188096 0.4559400 0.0000000 0.0390534 0.4866916 0.3802839 0.0312895 
Ex2        0.5085585 1.4093268 0.4679531 0.4865020 0.2312106 0.7698129 0.5002309 0.2309243 0.2150643 0.5135520 0.0348278 1.4211362 1.0809874 0.3951599 0.6695429 0.2473043 0.4106419 0.4387522 0.4761287 0.0390534 0.0000000 0.4777612 0.4004890 0.0307748 
Ex22       0.7231014 1.7250204 0.0216483 0.0252476 0.3703996 1.0062878 0.6763764 0.3831542 0.3520537 0.0516638 0.4288101 1.7285600 1.2960736 0.1920712 0.8697853 0.3752223 0.5886987 0.0642957 0.0478253 0.4866916 0.4777612 0.0000000 0.1867004 0.4692082 
Ex10       0.5886174 1.5563024 0.1879190 0.1728099 0.2705140 0.8754418 0.5465780 0.2580785 0.2533308 0.1884150 0.3832844 1.5333667 1.1554098 0.0190597 0.7289820 0.2632363 0.4792868 0.1657157 0.1642817 0.3802839 0.4004890 0.1867004 0.0000000 0.3646393 
Ex1        0.4999637 1.3835142 0.4593113 0.4637820 0.1998718 0.7983175 0.4631083 0.2107100 0.1841486 0.4902980 0.0271291 1.3738680 1.0128735 0.3726302 0.6286667 0.2045221 0.3887039 0.4441306 0.4531282 0.0312895 0.0307748 0.4692082 0.3646393 0.0000000 
