24
Ex17       0.0000000 0.0216405 1.7168813 0.0367017 0.3292957 0.6503007 0.4502278 0.4910746 0.4677907 0.8420530 1.2864094 0.1878721 0.3474013 0.0404514 0.4591528 0.0567059 0.3599770 0.0253636 0.6962269 0.3652153 1.6961645 0.5409112 0.9601155 0.1835410 
Ex22       0.0216405 0.0000000 1.7279761 0.0516420 0.3517725 0.6760915 0.4285983 0.4864923 0.4775167 0.8694618 1.2960828 0.1866275 0.3701484 0.0478021 0.4689679 0.0642606 0.3829155 0.0252367 0.7228256 0.3750252 1.7237713 0.5884647 1.0062358 0.1919852 
Ex15       1.7168813 1.7279761 0.0000000 1.7182646 1.2380491 0.5405892 1.4017072 1.3960864 1.4216549 0.3040112 0.1490481 1.5330850 1.2537752 1.6625155 1.3749351 1.6652737 1.2519530 1.6921179 0.5914712 1.2367183 0.0400270 0.5564870 0.2449849 1.5663093 
Ex7        0.0367017 0.0516420 1.7182646 0.0000000 0.3563603 0.6370047 0.5102833 0.4932636 0.5133753 0.8465250 1.1933254 0.1883549 0.3617003 0.0329964 0.4901525 0.0727771 0.3482203 0.0254178 0.6487777 0.3664372 1.5776032 0.5975091 1.0222622 0.1840515 
Ex3        0.3292957 0.3517725 1.2380491 0.3563603 0.0000000 0.3495489 0.1997365 0.2070444 0.2149479 0.5023503 0.8635070 0.2532068 0.0122303 0.3235932 0.1840476 0.3270828 0.0204991 0.3339034 0.3816779 0.0246168 1.2299101 0.2813581 0.6603474 0.2481131 
Ex9        0.6503007 0.6760915 0.5405892 0.6370047 0.3495489 0.0000000 0.4825255 0.4659699 0.5002446 0.1427829 0.6372207 0.5464956 0.3548403 0.5947843 0.4630993 0.5967337 0.3675057 0.6540839 0.0293815 0.3595514 0.5242030 0.0568078 0.2340168 0.5256584 
Ex12       0.4502278 0.4285983 1.4017072 0.5102833 0.1997365 0.4825255 0.0000000 0.0272288 0.0348187 0.6506103 1.0402044 0.3832096 0.2157210 0.4723237 0.0271223 0.4350668 0.2267480 0.4830740 0.5202407 0.2204182 1.4097715 0.4069921 0.7685450 0.3913551 
Ex14       0.4910746 0.4864923 1.3960864 0.4932636 0.2070444 0.4659699 0.0272288 0.0000000 0.0390450 0.6490413 1.0397188 0.3802048 0.2233059 0.4556797 0.0312832 0.4185833 0.2230348 0.4954467 0.4881020 0.2166944 1.3845655 0.4178265 0.8035722 0.3612638 
Ex2        0.4677907 0.4775167 1.4216549 0.5133753 0.2149479 0.5002446 0.0348187 0.0390450 0.0000000 0.6697900 1.0819069 0.4003700 0.2311158 0.4758741 0.0307664 0.4384793 0.2308360 0.4862478 0.5085540 0.2472307 1.4102106 0.4106717 0.7703372 0.3950177 
Ex5        0.8420530 0.8694618 0.3040112 0.8465250 0.5023503 0.1427829 0.6506103 0.6490413 0.6697900 0.0000000 0.5272206 0.7289906 0.5082368 0.7964473 0.6288673 0.8239486 0.5228566 0.8448194 0.1711879 0.5129565 0.3006056 0.1488339 0.0719155 0.7231489 
Ex18       1.2864094 1.2960828 0.1490481 1.1933254 0.8635070 0.6372207 1.0402044 1.0397188 1.0819069 0.5272206 0.0000000 1.1562264 0.8722683 1.2332969 1.0138429 1.2435484 0.8920281 1.2656449 0.6326779 0.8776945 0.1616277 0.6567097 0.4477870 1.1502314 
Ex10       0.1878721 0.1866275 1.5330850 0.1883549 0.2532068 0.5464956 0.3832096 0.3802048 0.4003700 0.7289906 1.1562264 0.0000000 0.2704161 0.1642115 0.3645565 0.1656405 0.2579835 0.1727495 0.5885302 0.2631679 1.5557891 0.4792777 0.8753745 0.0190566 
Ex4        0.3474013 0.3701484 1.2537752 0.3617003 0.0122303 0.3548403 0.2157210 0.2233059 0.2311158 0.5082368 0.8722683 0.2704161 0.0000000 0.3287969 0.1997884 0.3453293 0.0161571 0.3520009 0.4010727 0.0120503 1.2451670 0.2985781 0.6670916 0.2652756 
Ex19       0.0404514 0.0478021 1.6625155 0.0329964 0.3235932 0.5947843 0.4723237 0.4556797 0.4758741 0.7964473 1.2332969 0.1642115 0.3287969 0.0000000 0.4528549 0.0528634 0.3411295 0.0365684 0.6712805 0.3334931 1.6066222 0.5419510 0.9857561 0.1506031 
Ex1        0.4591528 0.4689679 1.3749351 0.4901525 0.1840476 0.4630993 0.0271223 0.0312832 0.0307664 0.6288673 1.0138429 0.3645565 0.1997884 0.4528549 0.0000000 0.4438839 0.2106344 0.4635626 0.4999571 0.2044616 1.3839259 0.3887096 0.7988942 0.3725110 
Ex23       0.0567059 0.0642606 1.6652737 0.0727771 0.3270828 0.5967337 0.4350668 0.4185833 0.4384793 0.8239486 1.2435484 0.1656405 0.3453293 0.0528634 0.4438839 0.0000000 0.3448385 0.0763907 0.6233157 0.3244402 1.6283000 0.5632170 0.9767815 0.1518748 
Ex8        0.3599770 0.3829155 1.2519530 0.3482203 0.0204991 0.3675057 0.2267480 0.2230348 0.2308360 0.5228566 0.8920281 0.2579835 0.0161571 0.3411295 0.2106344 0.3448385 0.0000000 0.3387973 0.3867982 0.0201938 1.2444056 0.3105148 0.6658561 0.2649297 
Ex16       0.0253636 0.0252367 1.6921179 0.0254178 0.3339034 0.6540839 0.4830740 0.4954467 0.4862478 0.8448194 1.2656449 0.1727495 0.3520009 0.0365684 0.4635626 0.0763907 0.3387973 0.0000000 0.6832241 0.3697927 1.6725046 0.5677178 1.0171990 0.1780268 
Ex13       0.6962269 0.7228256 0.5914712 0.6487777 0.3816779 0.0293815 0.5202407 0.4881020 0.5085540 0.1711879 0.6326779 0.5885302 0.4010727 0.6712805 0.4999571 0.6233157 0.3867982 0.6832241 0.0000000 0.4058804 0.5345966 0.0734326 0.2667432 0.5663042 
Ex4REF     0.3652153 0.3750252 1.2367183 0.3664372 0.0246168 0.3595514 0.2204182 0.2166944 0.2472307 0.5129565 0.8776945 0.2631679 0.0120503 0.3334931 0.2044616 0.3244402 0.0201938 0.3697927 0.4058804 0.0000000 1.2273412 0.3156180 0.6716891 0.2700619 
Ex20       1.6961645 1.7237713 0.0400270 1.5776032 1.2299101 0.5242030 1.4097715 1.3845655 1.4102106 0.3006056 0.1616277 1.5557891 1.2451670 1.6066222 1.3839259 1.6283000 1.2444056 1.6725046 0.5345966 1.2273412 0.0000000 0.5397026 0.2505922 1.5315160 
Ex11       0.5409112 0.5884647 0.5564870 0.5975091 0.2813581 0.0568078 0.4069921 0.4178265 0.4106717 0.1488339 0.6567097 0.4792777 0.2985781 0.5419510 0.3887096 0.5632170 0.3105148 0.5677178 0.0734326 0.3156180 0.5397026 0.0000000 0.2299252 0.4738052 
Ex21       0.9601155 1.0062358 0.2449849 1.0222622 0.6603474 0.2340168 0.7685450 0.8035722 0.7703372 0.0719155 0.4477870 0.8753745 0.6670916 0.9857561 0.7988942 0.9767815 0.6658561 1.0171990 0.2667432 0.6716891 0.2505922 0.2299252 0.0000000 0.9090400 
Ex6        0.1835410 0.1919852 1.5663093 0.1840515 0.2481131 0.5256584 0.3913551 0.3612638 0.3950177 0.7231489 1.1502314 0.0190566 0.2652756 0.1506031 0.3725110 0.1518748 0.2649297 0.1780268 0.5663042 0.2700619 1.5315160 0.4738052 0.9090400 0.0000000 
