23
Ex13       0.0000000 0.6825719 0.5606128 0.6986220 0.3773061 0.4840285 0.5658073 0.6672314 0.4806904 0.5043455 0.2366496 0.0435159 0.5420481 0.6848358 0.4714764 0.3861088 0.6848358 0.5702761 0.0114271 0.3669024 0.6352259 0.6371961 0.1513977 
Ex7        0.6825719 0.0000000 1.7595873 0.0307292 0.3619200 0.5031451 0.1748750 0.0192256 0.4998673 0.5083388 1.0474976 0.6082544 1.7069697 0.0152403 0.4747516 0.3705426 0.0229858 0.1757665 0.6583838 0.3656071 1.2698164 0.0473578 0.8952859 
Ex15       0.5606128 1.7595873 0.0000000 1.7961184 1.3190165 1.4501606 1.6330096 1.7622429 1.4596116 1.4662719 0.2375889 0.5647766 0.0221102 1.7705197 1.4407818 1.3333850 1.7840744 1.6591199 0.5549233 1.3147694 0.1437765 1.7177837 0.3106275 
Ex22       0.6986220 0.0307292 1.7961184 0.0000000 0.3898260 0.4563517 0.1849309 0.0349753 0.4990665 0.4765093 1.0407055 0.6071572 1.7507885 0.0152322 0.4893878 0.3843174 0.0075749 0.1858843 0.7097328 0.3651230 1.3066164 0.0473296 0.9310260 
Ex8        0.3773061 0.3619200 1.3190165 0.3898260 0.0000000 0.2192379 0.2608853 0.3602048 0.2147843 0.2241563 0.6933679 0.3172328 1.3020767 0.3632170 0.2082523 0.0128574 0.3773890 0.2756465 0.3854357 0.0174086 0.9054560 0.3380761 0.5641509 
Ex12       0.4840285 0.5031451 1.4501606 0.4563517 0.2192379 0.0000000 0.3947737 0.4874382 0.0203968 0.0120626 0.7772233 0.4059039 1.4123552 0.4893878 0.0162359 0.2140871 0.4587650 0.3975878 0.4929907 0.1975569 1.0310798 0.4322653 0.6820934 
Ex10       0.5658073 0.1748750 1.6330096 0.1849309 0.2608853 0.3947737 0.0000000 0.1615847 0.3908065 0.3999659 0.9354545 0.4950460 1.6056475 0.1652639 0.3822204 0.2815979 0.1856173 0.0079900 0.5760076 0.2635322 1.1758192 0.1562676 0.7872340 
Ex19       0.6672314 0.0192256 1.7622429 0.0349753 0.3602048 0.4874382 0.1615847 0.0000000 0.4840240 0.5083993 1.0528121 0.5927561 1.6956205 0.0271289 0.4590098 0.3546794 0.0350760 0.1523395 0.6429228 0.3497153 1.2568159 0.0355343 0.8804581 
Ex1        0.4806904 0.4998673 1.4596116 0.4990665 0.2147843 0.0203968 0.3908065 0.4840240 0.0000000 0.0161390 0.8336724 0.4021620 1.4209783 0.4860199 0.0204578 0.2096123 0.4860199 0.3936061 0.4896955 0.1930477 1.0333811 0.4587019 0.6802038 
Ex2        0.5043455 0.5083388 1.4662719 0.4765093 0.2241563 0.0120626 0.3999659 0.5083993 0.0161390 0.0000000 0.7833293 0.4251171 1.4451249 0.4945680 0.0285793 0.2310579 0.4790618 0.4177162 0.5134927 0.2143032 1.0596762 0.4522190 0.7053422 
Ex21       0.2366496 1.0474976 0.2375889 1.0407055 0.6933679 0.7772233 0.9354545 1.0528121 0.8336724 0.7833293 0.0000000 0.2351629 0.2338907 1.0685643 0.8012408 0.7059206 1.0473012 0.9634392 0.2319905 0.6994580 0.4258266 0.9903830 0.0676837 
Ex11       0.0435159 0.6082544 0.5647766 0.6071572 0.3172328 0.4059039 0.4950460 0.5927561 0.4021620 0.4251171 0.2351629 0.0000000 0.5458215 0.5937348 0.4079442 0.3118702 0.5937348 0.4988032 0.0476795 0.2938690 0.6414369 0.5648206 0.1488746 
Ex20       0.5420481 1.7069697 0.0221102 1.7507885 1.3020767 1.4123552 1.6056475 1.6956205 1.4209783 1.4451249 0.2338907 0.5458215 0.0000000 1.7387473 1.3797185 1.2967421 1.7387473 1.5943280 0.5222031 1.2793419 0.1576414 1.6385042 0.2963581 
Ex16       0.6848358 0.0152403 1.7705197 0.0152322 0.3632170 0.4893878 0.1652639 0.0271289 0.4860199 0.4945680 1.0685643 0.5937348 1.7387473 0.0000000 0.4920575 0.3718812 0.0152745 0.1762690 0.6958739 0.3528216 1.2924970 0.0557023 0.9165712 
Ex14       0.4714764 0.4747516 1.4407818 0.4893878 0.2082523 0.0162359 0.3822204 0.4590098 0.0204578 0.0285793 0.8012408 0.4079442 1.3797185 0.4920575 0.0000000 0.2150093 0.4920575 0.3703677 0.4651537 0.1983935 1.0158976 0.4345254 0.6686538 
Ex4        0.3861088 0.3705426 1.3333850 0.3843174 0.0128574 0.2140871 0.2815979 0.3546794 0.2096123 0.2310579 0.7059206 0.3118702 1.2967421 0.3718812 0.2150093 0.0000000 0.3718812 0.2834538 0.3799267 0.0130472 0.8796617 0.3464460 0.5583757 
Ex17       0.6848358 0.0229858 1.7840744 0.0075749 0.3773890 0.4587650 0.1856173 0.0350760 0.4860199 0.4790618 1.0473012 0.5937348 1.7387473 0.0152745 0.4920575 0.3718812 0.0000000 0.1865786 0.6958739 0.3528216 1.2924970 0.0393314 0.9165712 
Ex6        0.5702761 0.1757665 1.6591199 0.1858843 0.2756465 0.3975878 0.0079900 0.1523395 0.3936061 0.4177162 0.9634392 0.4988032 1.5943280 0.1762690 0.3703677 0.2834538 0.1865786 0.0000000 0.5633771 0.2652410 1.1629693 0.1470835 0.7940201 
Ex9        0.0114271 0.6583838 0.5549233 0.7097328 0.3854357 0.4929907 0.5760076 0.6429228 0.4896955 0.5134927 0.2319905 0.0476795 0.5222031 0.6958739 0.4651537 0.3799267 0.6958739 0.5633771 0.0000000 0.3749697 0.6287380 0.6303774 0.1469990 
Ex3        0.3669024 0.3656071 1.3147694 0.3651230 0.0174086 0.1975569 0.2635322 0.3497153 0.1930477 0.2143032 0.6994580 0.2938690 1.2793419 0.3528216 0.1983935 0.0130472 0.3528216 0.2652410 0.3749697 0.0000000 0.8711430 0.3277407 0.5528038 
Ex18       0.6352259 1.2698164 0.1437765 1.3066164 0.9054560 1.0310798 1.1758192 1.2568159 1.0333811 1.0596762 0.4258266 0.6414369 0.1576414 1.2924970 1.0158976 0.8796617 1.2924970 1.1629693 0.6287380 0.8711430 0.0000000 1.2283845 0.5239215 
Ex23       0.6371961 0.0473578 1.7177837 0.0473296 0.3380761 0.4322653 0.1562676 0.0355343 0.4587019 0.4522190 0.9903830 0.5648206 1.6385042 0.0557023 0.4345254 0.3464460 0.0393314 0.1470835 0.6303774 0.3277407 1.2283845 0.0000000 0.8626153 
Ex5        0.1513977 0.8952859 0.3106275 0.9310260 0.5641509 0.6820934 0.7872340 0.8804581 0.6802038 0.7053422 0.0676837 0.1488746 0.2963581 0.9165712 0.6686538 0.5583757 0.9165712 0.7940201 0.1469990 0.5528038 0.5239215 0.8626153 0.0000000 
