24
Ex20       0.0000000 1.2968735 1.3121246 1.7006404 0.1580301 1.7723481 1.3133219 1.6820669 1.7494737 0.2431789 1.4451126 1.7437919 1.4403192 0.5556068 1.6526258 1.6106305 1.2954051 1.4917044 0.5414936 0.5314222 0.0345124 1.6223782 1.4537366 0.3060890 
Ex4REF     1.2968735 0.0000000 0.0208713 0.3433159 0.9125285 0.3793846 0.0124512 0.3318150 0.3735583 0.6826795 0.2174023 0.3814299 0.2196739 0.3168351 0.3844428 0.2828466 0.0254496 0.2525268 0.4179774 0.3686396 1.2882987 0.2681271 0.2130695 0.5400607 
Ex8        1.3121246 0.0208713 0.0000000 0.3514197 0.9273292 0.3877411 0.0166997 0.3532489 0.3681558 0.6767790 0.2239531 0.3487828 0.2263184 0.3115690 0.3651558 0.2774802 0.0211915 0.2353994 0.3979633 0.3770104 1.3046432 0.2627877 0.2196126 0.5506936 
Ex19       1.7006404 0.3433159 0.3514197 0.0000000 1.2753371 0.0376843 0.3384293 0.0463899 0.0338789 1.0024371 0.4723644 0.0300815 0.4633942 0.5620654 0.0302265 0.1515287 0.3332126 0.5019900 0.6903570 0.6088834 1.7162054 0.1602826 0.4689137 0.8348530 
Ex18       0.1580301 0.9125285 0.9273292 1.2753371 0.0000000 1.3195575 0.9074166 1.2705788 1.3130356 0.4416346 1.0513542 1.3064784 1.0661685 0.6594959 1.2368206 1.1977117 0.8979961 1.1160254 0.6405310 0.6461296 0.1533185 1.1884484 1.0535972 0.5417532 
Ex22       1.7723481 0.3793846 0.3877411 0.0376843 1.3195575 0.0000000 0.3744040 0.0539841 0.0110304 1.0078326 0.4371394 0.0222677 0.4869051 0.5856030 0.0454676 0.1892215 0.3554873 0.4800872 0.7329078 0.6833845 1.7529380 0.1781878 0.4772992 0.8980800 
Ex4        1.3133219 0.0124512 0.0166997 0.3384293 0.9074166 0.3744040 0.0000000 0.3537594 0.3550492 0.6778939 0.2125905 0.3627492 0.2266058 0.2991880 0.3795174 0.2778606 0.0126397 0.2356986 0.4130009 0.3637704 1.3053717 0.2757667 0.2082358 0.5351584 
Ex23       1.6820669 0.3318150 0.3532489 0.0463899 1.2705788 0.0539841 0.3537594 0.0000000 0.0500707 0.9837135 0.4308833 0.0704243 0.4218038 0.5647827 0.0707859 0.1521442 0.3349414 0.4446878 0.6583438 0.6284486 1.6954498 0.1609539 0.4564754 0.8564070 
Ex17       1.7494737 0.3735583 0.3681558 0.0338789 1.3130356 0.0110304 0.3550492 0.0500707 0.0000000 1.0010554 0.4454648 0.0185363 0.4958567 0.5636770 0.0338823 0.1845925 0.3364469 0.4740690 0.7087517 0.6601547 1.7471875 0.1834867 0.4712401 0.8725354 
Ex21       0.2431789 0.6826795 0.6767790 1.0024371 0.4416346 1.0078326 0.6778939 0.9837135 1.0010554 0.0000000 0.7590651 1.0339201 0.8066946 0.2281564 1.0482392 0.9308347 0.6711295 0.7768854 0.2582045 0.2249129 0.2361346 0.9024242 0.8132712 0.0659261 
Ex12       1.4451126 0.2174023 0.2239531 0.4723644 1.0513542 0.4371394 0.2125905 0.4308833 0.4454648 0.7590651 0.0000000 0.4833942 0.0239155 0.3964748 0.5184364 0.3949287 0.1962808 0.0237150 0.5195238 0.4800492 1.4176181 0.3777754 0.0198170 0.6643419 
Ex16       1.7437919 0.3814299 0.3487828 0.0300815 1.3064784 0.0222677 0.3627492 0.0704243 0.0185363 1.0339201 0.4833942 0.0000000 0.5049242 0.5731922 0.0224434 0.1799729 0.3439577 0.4977632 0.7021929 0.6705869 1.7430481 0.1690585 0.4800224 0.8847344 
Ex14       1.4403192 0.2196739 0.2263184 0.4633942 1.0661685 0.4869051 0.2266058 0.4218038 0.4958567 0.8066946 0.0239155 0.5049242 0.0000000 0.4151254 0.5095710 0.3712805 0.2098676 0.0320478 0.4951383 0.4712603 1.4336554 0.3823624 0.0281204 0.6733824 
Ex11       0.5556068 0.3168351 0.3115690 0.5620654 0.6594959 0.5856030 0.2991880 0.5647827 0.5636770 0.2281564 0.3964748 0.5731922 0.4151254 0.0000000 0.6113328 0.4824460 0.2815533 0.4235089 0.0630184 0.0462319 0.5541923 0.4783552 0.3927546 0.1444188 
Ex7        1.6526258 0.3844428 0.3651558 0.0302265 1.2368206 0.0454676 0.3795174 0.0707859 0.0338823 1.0482392 0.5184364 0.0224434 0.5095710 0.6113328 0.0000000 0.1911526 0.3741546 0.5334048 0.6713074 0.6602167 1.7801329 0.1899625 0.5152254 0.8955111 
Ex6        1.6106305 0.2828466 0.2774802 0.1515287 1.1977117 0.1892215 0.2778606 0.1521442 0.1845925 0.9308347 0.3949287 0.1799729 0.3712805 0.4824460 0.1911526 0.0000000 0.2599547 0.4086836 0.5880978 0.5438133 1.6253867 0.0156389 0.3910107 0.7656005 
Ex3        1.2954051 0.0254496 0.0211915 0.3332126 0.8979961 0.3554873 0.0126397 0.3349414 0.3364469 0.6711295 0.1962808 0.3439577 0.2098676 0.2815533 0.3741546 0.2599547 0.0000000 0.2189773 0.3929593 0.3585096 1.2875302 0.2580274 0.1919009 0.5292019 
Ex2        1.4917044 0.2525268 0.2353994 0.5019900 1.1160254 0.4800872 0.2356986 0.4446878 0.4740690 0.7768854 0.0237150 0.4977632 0.0320478 0.4235089 0.5334048 0.4086836 0.2189773 0.0000000 0.5189222 0.5093328 1.4661320 0.4053290 0.0277482 0.6985276 
Ex13       0.5414936 0.4179774 0.3979633 0.6903570 0.6405310 0.7329078 0.4130009 0.6583438 0.7087517 0.2582045 0.5195238 0.7021929 0.4951383 0.0630184 0.6713074 0.5880978 0.3929593 0.5189222 0.0000000 0.0302970 0.5972049 0.5998666 0.5163346 0.1719246 
Ex9        0.5314222 0.3686396 0.3770104 0.6088834 0.6461296 0.6833845 0.3637704 0.6284486 0.6601547 0.2249129 0.4800492 0.6705869 0.4712603 0.0462319 0.6602167 0.5438133 0.3585096 0.5093328 0.0302970 0.0000000 0.5440700 0.5550362 0.4766995 0.1424939 
Ex15       0.0345124 1.2882987 1.3046432 1.7162054 0.1533185 1.7529380 1.3053717 1.6954498 1.7471875 0.2361346 1.4176181 1.7430481 1.4336554 0.5541923 1.7801329 1.6253867 1.2875302 1.4661320 0.5972049 0.5440700 0.0000000 1.5798187 1.4259484 0.3075795 
Ex10       1.6223782 0.2681271 0.2627877 0.1602826 1.1884484 0.1781878 0.2757667 0.1609539 0.1834867 0.9024242 0.3777754 0.1690585 0.3823624 0.4783552 0.1899625 0.0156389 0.2580274 0.4053290 0.5998666 0.5550362 1.5798187 0.0000000 0.3738253 0.7585296 
Ex1        1.4537366 0.2130695 0.2196126 0.4689137 1.0535972 0.4772992 0.2082358 0.4564754 0.4712401 0.8132712 0.0198170 0.4800224 0.0281204 0.3927546 0.5152254 0.3910107 0.1919009 0.0277482 0.5163346 0.4766995 1.4259484 0.3738253 0.0000000 0.6621940 
Ex5        0.3060890 0.5400607 0.5506936 0.8348530 0.5417532 0.8980800 0.5351584 0.8564070 0.8725354 0.0659261 0.6643419 0.8847344 0.6733824 0.1444188 0.8955111 0.7656005 0.5292019 0.6985276 0.1719246 0.1424939 0.3075795 0.7585296 0.6621940 0.0000000 
