24
Ex13       0.0000000 0.6817140 0.5568555 0.6976254 0.3775780 0.4838233 0.5657857 0.6666077 0.4805594 0.3830130 0.5040233 0.2354694 0.0433456 0.5385624 0.6839861 0.4713506 0.3864597 0.6839861 0.5704056 0.0113769 0.3673077 0.6322920 0.6365592 0.1507406 
Ex7        0.6817140 0.0000000 1.7563218 0.0305860 0.3620711 0.5029303 0.1743783 0.0191416 0.4997316 0.3674898 0.5079775 1.0456070 0.6076787 1.7035311 0.0151697 0.4745898 0.3707674 0.0228800 0.1752977 0.6575835 0.3659340 1.2670958 0.0471580 0.8941896 
Ex15       0.5568555 1.7563218 0.0000000 1.7918275 1.3189826 1.4482536 1.6309382 1.7589475 1.4580171 1.3242813 1.4643802 0.2355232 0.5612932 0.0218960 1.7668033 1.4392619 1.3332975 1.7800663 1.6567962 0.5512366 1.3145507 0.1424484 1.7141815 0.3081994 
Ex22       0.6976254 0.0305860 1.7918275 0.0000000 0.3899918 0.4559733 0.1843937 0.0348200 0.4988317 0.3954567 0.4760152 1.0385041 0.6064570 1.7464111 0.0151601 0.4891629 0.3845172 0.0075388 0.1853760 0.7088186 0.3653829 1.3034578 0.0471255 0.9296785 
Ex8        0.3775780 0.3620711 1.3189826 0.3899918 0.0000000 0.2194592 0.2612027 0.3604980 0.2150250 0.0127791 0.2243271 0.6934722 0.3175124 1.3019576 0.3633882 0.2084825 0.0128533 0.3776033 0.2760830 0.3857740 0.0174090 0.9053051 0.3383202 0.5646966 
Ex12       0.4838233 0.5029303 1.4482536 0.4559733 0.2194592 0.0000000 0.3950216 0.4873861 0.0203484 0.2245962 0.0120300 0.7762065 0.4058083 1.4104991 0.4891629 0.0161975 0.2143194 0.4584880 0.3979404 0.4928528 0.1978036 1.0297681 0.4321246 0.6818238 
Ex10       0.5657857 0.1743783 1.6309382 0.1843937 0.2612027 0.3950216 0.0000000 0.1611608 0.3911095 0.2796344 0.4001033 0.9348028 0.4951546 1.6032785 0.1647919 0.3825118 0.2820306 0.1851068 0.0079676 0.5760766 0.2639796 1.1744314 0.1558637 0.7872797 
Ex19       0.6666077 0.0191416 1.7589475 0.0348200 0.3604980 0.4873861 0.1611608 0.0000000 0.4840484 0.3518606 0.5082373 1.0511781 0.5923867 1.6924678 0.0270103 0.4589982 0.3550006 0.0349236 0.1519572 0.6423479 0.3501336 1.2544210 0.0353906 0.8796531 
Ex1        0.4805594 0.4997316 1.4580171 0.4988317 0.2150250 0.0203484 0.3911095 0.4840484 0.0000000 0.2201846 0.0160968 0.8328574 0.4021237 1.4194174 0.4858712 0.0204118 0.2098630 0.4858712 0.3940145 0.4896341 0.1933097 1.0322822 0.4586903 0.6800568 
Ex4REF     0.3830130 0.3674898 1.3242813 0.3954567 0.0127791 0.2245962 0.2796344 0.3518606 0.2201846 0.0000000 0.2416100 0.6991637 0.3228443 1.2677454 0.3830684 0.2136069 0.0085143 0.3830684 0.2815282 0.3769103 0.0217755 0.8910060 0.3300256 0.5535101 
Ex2        0.5040233 0.5079775 1.4643802 0.4760152 0.2243271 0.0120300 0.4001033 0.5082373 0.0160968 0.2416100 0.0000000 0.7821157 0.4249304 1.4430507 0.4942002 0.0285086 0.2312751 0.4786733 0.4180076 0.5132383 0.2145407 1.0581582 0.4519792 0.7049084 
Ex21       0.2354694 1.0456070 0.2355232 1.0385041 0.6934722 0.7762065 0.9348028 1.0511781 0.8328574 0.6991637 0.7821157 0.0000000 0.2340970 0.2319114 1.0665575 0.8004313 0.7061444 1.0453069 0.9629873 0.2308468 0.6998433 0.4227285 0.9886943 0.0672789 
Ex11       0.0433456 0.6076787 0.5612932 0.6064570 0.3175124 0.4058083 0.4951546 0.5923867 0.4021237 0.3228443 0.4249304 0.2340970 0.0000000 0.5426023 0.5931549 0.4079376 0.3121726 0.5931549 0.4990442 0.0474967 0.2942083 0.6388826 0.5644317 0.1482935 
Ex20       0.5385624 1.7035311 0.0218960 1.7464111 1.3019576 1.4104991 1.6032785 1.6924678 1.4194174 1.2677454 1.4430507 0.2319114 0.5426023 0.0000000 1.7346554 1.3783307 1.2967474 1.7346554 1.5922395 0.5188574 1.2792527 0.1562148 1.6353448 0.2941172 
Ex16       0.6839861 0.0151697 1.7668033 0.0151601 0.3633882 0.4891629 0.1647919 0.0270103 0.4858712 0.3830684 0.4942002 1.0665575 0.5931549 1.7346554 0.0000000 0.4919461 0.3721270 0.0152043 0.1758051 0.6951085 0.3531215 1.2896000 0.0554705 0.9154250 
Ex14       0.4713506 0.4745898 1.4392619 0.4891629 0.2084825 0.0161975 0.3825118 0.4589982 0.0204118 0.2136069 0.0285086 0.8004313 0.4079376 1.3783307 0.4919461 0.0000000 0.2152859 0.4919461 0.3707104 0.4650673 0.1986808 1.0147924 0.4344828 0.6685186 
Ex4        0.3864597 0.3707674 1.3332975 0.3845172 0.0128533 0.2143194 0.2820306 0.3550006 0.2098630 0.0085143 0.2312751 0.7061444 0.3121726 1.2967474 0.3721270 0.2152859 0.0000000 0.3721270 0.2839611 0.3802966 0.0130480 0.8795927 0.3467622 0.5589768 
Ex17       0.6839861 0.0228800 1.7800663 0.0075388 0.3776033 0.4584880 0.1851068 0.0349236 0.4858712 0.3830684 0.4786733 1.0453069 0.5931549 1.7346554 0.0152043 0.4919461 0.3721270 0.0000000 0.1860975 0.6951085 0.3531215 1.2896000 0.0391651 0.9154250 
Ex6        0.5704056 0.1752977 1.6567962 0.1853760 0.2760830 0.3979404 0.0079676 0.1519572 0.3940145 0.2815282 0.4180076 0.9629873 0.4990442 1.5922395 0.1758051 0.3707104 0.2839611 0.1860975 0.0000000 0.5635557 0.2657577 1.1618276 0.1467200 0.7942742 
Ex9        0.0113769 0.6575835 0.5512366 0.7088186 0.3857740 0.4928528 0.5760766 0.6423479 0.4896341 0.3769103 0.5132383 0.2308468 0.0474967 0.5188574 0.6951085 0.4650673 0.3802966 0.6951085 0.5635557 0.0000000 0.3754436 0.6258793 0.6298049 0.1463685 
Ex3        0.3673077 0.3659340 1.3145507 0.3653829 0.0174090 0.1978036 0.2639796 0.3501336 0.1933097 0.0217755 0.2145407 0.6998433 0.2942083 1.2792527 0.3531215 0.1986808 0.0130480 0.3531215 0.2657577 0.3754436 0.0000000 0.8712110 0.3281008 0.5535526 
Ex18       0.6322920 1.2670958 0.1424484 1.3034578 0.9053051 1.0297681 1.1744314 1.2544210 1.0322822 0.8910060 1.0581582 0.4227285 0.6388826 0.1562148 1.2896000 1.0147924 0.8795927 1.2896000 1.1618276 0.6258793 0.8712110 0.0000000 1.2258166 0.5208475 
Ex23       0.6365592 0.0471580 1.7141815 0.0471255 0.3383202 0.4321246 0.1558637 0.0353906 0.4586903 0.3300256 0.4519792 0.9886943 0.5644317 1.6353448 0.0554705 0.4344828 0.3467622 0.0391651 0.1467200 0.6298049 0.3281008 1.2258166 0.0000000 0.8617554 
Ex5        0.1507406 0.8941896 0.3081994 0.9296785 0.5646966 0.6818238 0.7872797 0.8796531 0.6800568 0.5535101 0.7049084 0.0672789 0.1482935 0.2941172 0.9154250 0.6685186 0.5589768 0.9154250 0.7942742 0.1463685 0.5535526 0.5208475 0.8617554 0.0000000 
