24
Ex5        0.0000000 0.5417851 0.5293305 0.3060685 0.6735630 0.6645145 0.7658969 0.8851367 0.8729290 0.6987367 0.5352792 0.1424984 0.1719313 0.8567956 0.6623908 0.5401722 0.8959275 0.3075628 0.8984968 0.8352632 0.1444197 0.0659172 0.5508141 0.7588107 
Ex18       0.5417851 0.0000000 0.8983002 0.1579940 1.0666111 1.0518041 1.1982132 1.3071017 1.3136635 1.1165368 0.9077166 0.6462870 0.6406981 1.2711441 1.0540935 0.9128066 1.2374047 0.1532753 1.3201899 1.2760098 0.6596489 0.4416210 0.9276105 1.1889563 
Ex3        0.5293305 0.8983002 0.0000000 1.2958972 0.2099238 0.1963316 0.2600343 0.3440964 0.3365819 0.2190444 0.0126414 0.3586015 0.3930696 0.3350751 0.1919572 0.0254528 0.3743011 1.2880512 0.3556353 0.3333525 0.2816057 0.6712862 0.0211943 0.2581006 
Ex20       0.3060685 0.1579940 1.2958972 0.0000000 1.4409104 1.4456902 1.6113069 1.7445347 1.7502151 1.4922961 1.3138301 0.5314931 0.5415802 1.6828556 1.4543770 1.2974446 1.6534171 0.0345024 1.7730984 1.7015209 0.5556743 0.2431513 1.3126179 1.6231095 
Ex14       0.6735630 1.0666111 0.2099238 1.4409104 0.0000000 0.0239172 0.3714270 0.5051761 0.4961030 0.0320511 0.2266646 0.4713881 0.4952831 0.4219986 0.0281233 0.2197248 0.5098140 1.4342875 0.4871459 0.4636284 0.4152161 0.8068982 0.2263741 0.3825067 
Ex12       0.6645145 1.0518041 0.1963316 1.4456902 0.0239172 0.0000000 0.3950883 0.4836296 0.4456750 0.0237173 0.2126437 0.4801806 0.5196786 0.4310829 0.0198190 0.2174522 0.5186838 1.4182185 0.4373447 0.4726033 0.3965579 0.7592434 0.2240077 0.3779157 
Ex6        0.7658969 1.1982132 0.2600343 1.6113069 0.3714270 0.3950883 0.0000000 0.1800100 0.1846316 0.4088662 0.2779433 0.5440214 0.5883439 0.1521729 0.3911836 0.2829248 0.1911875 1.6261334 0.1892625 0.1515602 0.4826038 0.9311888 0.2775590 0.0156402 
Ex16       0.8851367 1.3071017 0.3440964 1.7445347 0.5051761 0.4836296 0.1800100 0.0000000 0.0185378 0.4980259 0.3628916 0.6708998 0.7025311 0.0704350 0.4802745 0.3815736 0.0224445 1.7439318 0.0222696 0.0300844 0.5734270 1.0343931 0.3489122 0.1690895 
Ex17       0.8729290 1.3136635 0.3365819 1.7502151 0.4961030 0.4456750 0.1846316 0.0185378 0.0000000 0.4743141 0.3551879 0.6604612 0.7090966 0.0500780 0.4714864 0.3736985 0.0338843 1.7479960 0.0110313 0.0338824 0.5639066 1.0014993 0.3682971 0.1835223 
Ex2        0.6987367 1.1165368 0.2190444 1.4922961 0.0320511 0.0237173 0.4088662 0.4980259 0.4743141 0.0000000 0.2357687 0.5094941 0.5190937 0.4449122 0.0277506 0.2525984 0.5336815 1.4668154 0.4803383 0.5022667 0.4236166 0.7771003 0.2354664 0.4055003 
Ex4        0.5352792 0.9077166 0.0126414 1.3138301 0.2266646 0.2126437 0.2779433 0.3628916 0.3551879 0.2357687 0.0000000 0.3638574 0.4131120 0.3538970 0.2082951 0.0124523 0.3796594 1.3059105 0.3745558 0.3385657 0.2992407 0.6780419 0.0167013 0.2758426 
Ex9        0.1424984 0.6462870 0.3586015 0.5314931 0.4713881 0.4801806 0.5440214 0.6708998 0.6604612 0.5094941 0.3638574 0.0000000 0.0302973 0.6287353 0.4768473 0.3687202 0.6605141 0.5441501 0.6837108 0.6091746 0.0462340 0.2249141 0.3770979 0.5552413 
Ex13       0.1719313 0.6406981 0.3930696 0.5415802 0.4952831 0.5196786 0.5883439 0.7025311 0.7090966 0.5190937 0.4131120 0.0302973 0.0000000 0.6586613 0.5165078 0.4180809 0.6716195 0.5973097 0.7332732 0.6907115 0.0630213 0.2582086 0.3980619 0.6001056 
Ex23       0.8567956 1.2711441 0.3350751 1.6828556 0.4219986 0.4310829 0.1521729 0.0704350 0.0500780 0.4449122 0.3538970 0.6287353 0.6586613 0.0000000 0.4567105 0.3319319 0.0707945 1.6962413 0.0539921 0.0463971 0.5650124 0.9841525 0.3533815 0.1609823 
Ex1        0.6623908 1.0540935 0.1919572 1.4543770 0.0281233 0.0198190 0.3911836 0.4802745 0.4714864 0.0277506 0.2082951 0.4768473 0.5165078 0.4567105 0.0000000 0.2131258 0.5154913 1.4266132 0.4775516 0.4691690 0.3928507 0.8135069 0.2196738 0.3739781 
Ex4REF     0.5401722 0.9128066 0.0254528 1.2974446 0.2197248 0.2174522 0.2829248 0.3815736 0.3736985 0.2525984 0.0124523 0.3687202 0.4180809 0.3319319 0.2131258 0.0000000 0.3845783 1.2888458 0.3795294 0.3434469 0.3168863 0.6828183 0.0208730 0.2681930 
Ex7        0.8959275 1.2374047 0.3743011 1.6534171 0.5098140 0.5186838 0.1911875 0.0224445 0.0338843 0.5336815 0.3796594 0.6605141 0.6716195 0.0707945 0.5154913 0.3845783 0.0000000 1.7811475 0.0454707 0.0302285 0.6115778 1.0487446 0.3652844 0.1899938 
Ex15       0.3075628 0.1532753 1.2880512 0.0345024 1.4342875 1.4182185 1.6261334 1.7439318 1.7479960 1.4668154 1.3059105 0.5441501 0.5973097 1.6962413 1.4266132 1.2888458 1.7811475 0.0000000 1.7537452 1.7171649 0.5542625 0.2361108 1.3052204 1.5806498 
Ex22       0.8984968 1.3201899 0.3556353 1.7730984 0.4871459 0.4373447 0.1892625 0.0222696 0.0110313 0.4803383 0.3745558 0.6837108 0.7332732 0.0539921 0.4775516 0.3795294 0.0454707 1.7537452 0.0000000 0.0376883 0.5858501 1.0082840 0.3878957 0.1782223 
Ex19       0.8352632 1.2760098 0.3333525 1.7015209 0.4636284 0.4726033 0.1515602 0.0300844 0.0338824 0.5022667 0.3385657 0.6091746 0.6907115 0.0463971 0.4691690 0.3434469 0.0302285 1.7171649 0.0376883 0.0000000 0.5623062 1.0029303 0.3515590 0.1603141 
Ex11       0.1444197 0.6596489 0.2816057 0.5556743 0.4152161 0.3965579 0.4826038 0.5734270 0.5639066 0.4236166 0.2992407 0.0462340 0.0630213 0.5650124 0.3928507 0.3168863 0.6115778 0.5542625 0.5858501 0.5623062 0.0000000 0.2281520 0.3116217 0.4785008 
Ex21       0.0659172 0.4416210 0.6712862 0.2431513 0.8068982 0.7592434 0.9311888 1.0343931 1.0014993 0.7771003 0.6780419 0.2249141 0.2582086 0.9841525 0.8135069 0.6828183 1.0487446 0.2361108 1.0082840 1.0029303 0.2281520 0.0000000 0.6769227 0.9027679 
Ex8        0.5508141 0.9276105 0.0211943 1.3126179 0.2263741 0.2240077 0.2775590 0.3489122 0.3682971 0.2354664 0.0167013 0.3770979 0.3980619 0.3533815 0.2196738 0.0208730 0.3652844 1.3052204 0.3878957 0.3515590 0.3116217 0.6769227 0.0000000 0.2628546 
Ex10       0.7588107 1.1889563 0.2581006 1.6231095 0.3825067 0.3779157 0.0156402 0.1690895 0.1835223 0.4055003 0.2758426 0.5552413 0.6001056 0.1609823 0.3739781 0.2681930 0.1899938 1.5806498 0.1782223 0.1603141 0.4785008 0.9027679 0.2628546 0.0000000 
