24
Ex22       0.0000000 0.4886723 0.6075293 0.7036067 0.9184321 1.3345006 0.7153632 0.3525146 0.0418805 0.0040119 1.0695409 0.3525146 0.0201423 0.4894700 1.8159840 0.0244865 0.1816189 1.7630969 0.3469031 0.0039951 0.4734763 0.1806140 0.4951518 0.3344722 
Ex14       0.4886723 0.0000000 0.4228084 0.4906589 0.6757943 1.0553142 0.4838366 0.1992293 0.4164356 0.4817317 0.8068120 0.1992293 0.4757049 0.0173940 1.4604885 0.4599318 0.3663610 1.3891596 0.2063510 0.4943433 0.0086453 0.3787309 0.0217468 0.1949694 
Ex11       0.6075293 0.4228084 0.0000000 0.0458589 0.1461572 0.6658668 0.0502497 0.3113217 0.5648828 0.6003305 0.2164157 0.3113217 0.6278333 0.4234444 0.5504656 0.6126804 0.5130917 0.5264051 0.3057979 0.6131156 0.4086374 0.5088927 0.4289771 0.2937578 
Ex13       0.7036067 0.4906589 0.0458589 0.0000000 0.1488739 0.6589640 0.0120293 0.3741216 0.6411409 0.6961687 0.2183065 0.3741216 0.7062984 0.5076029 0.5466605 0.6914495 0.5884776 0.5230899 0.3834083 0.7091489 0.4916505 0.5834555 0.5131874 0.3707179 
Ex5        0.9184321 0.6757943 0.1461572 0.1488739 0.0000000 0.5201985 0.1442974 0.5458691 0.8497941 0.9105469 0.0547914 0.5287736 0.9016494 0.6954430 0.3037726 0.8875190 0.7955206 0.2849360 0.5400897 0.9238388 0.6768155 0.7881338 0.7010568 0.5432469 
Ex18       1.3345006 1.0553142 0.6658668 0.6589640 0.5201985 0.0000000 0.6519206 0.9044200 1.2513911 1.3263778 0.4119680 0.8839187 1.3147733 1.0836509 0.1336986 1.3024864 1.1975995 0.1440999 0.8781204 1.3395041 1.0582290 1.2114396 1.0892331 0.8814146 
Ex9        0.7153632 0.4838366 0.0502497 0.0120293 0.1442974 0.6519206 0.0000000 0.3825717 0.6337905 0.7078754 0.2134878 0.3676990 0.6807877 0.5173195 0.5408271 0.6657644 0.5810912 0.5026922 0.3769248 0.7209153 0.5011820 0.5942552 0.5229261 0.3791995 
Ex8        0.3525146 0.1992293 0.3113217 0.3741216 0.5458691 0.9044200 0.3825717 0.0000000 0.3006996 0.3460597 0.6495124 0.0092121 0.3420636 0.2120392 1.2773721 0.3405270 0.2529221 1.2567084 0.0139151 0.3436343 0.1996499 0.2379730 0.2048617 0.0140312 
Ex23       0.0418805 0.4164356 0.5648828 0.6411409 0.8497941 1.2513911 0.6337905 0.3006996 0.0000000 0.0376340 0.9971241 0.3006996 0.0373517 0.4486170 1.7322265 0.0249396 0.1412187 1.6565584 0.3091239 0.0460675 0.4330640 0.1508780 0.4543197 0.2968945 
Ex17       0.0040119 0.4817317 0.6003305 0.6961687 0.9105469 1.3263778 0.7078754 0.3460597 0.0376340 0.0000000 1.0614564 0.3460597 0.0160907 0.4825140 1.8086021 0.0286902 0.1874064 1.7557359 0.3404490 0.0080236 0.4665909 0.1863604 0.4882015 0.3280529 
Ex21       1.0695409 0.8068120 0.2164157 0.2183065 0.0547914 0.4119680 0.2134878 0.6495124 0.9971241 1.0614564 0.0000000 0.6495124 1.0330132 0.8281299 0.2218211 1.0395819 0.9424395 0.2140413 0.6622485 1.0551517 0.8075370 0.9129554 0.8143373 0.6657888 
Ex4REF     0.3525146 0.1992293 0.3113217 0.3741216 0.5287736 0.8839187 0.3676990 0.0092121 0.3006996 0.3460597 0.6495124 0.0000000 0.3420636 0.2120392 1.2773721 0.3261663 0.2529221 1.2362322 0.0046039 0.3581130 0.1996499 0.2512002 0.2174515 0.0140312 
Ex7        0.0201423 0.4757049 0.6278333 0.7062984 0.9016494 1.3147733 0.6807877 0.3420636 0.0373517 0.0160907 1.0330132 0.3420636 0.0000000 0.5092375 1.7986923 0.0202271 0.1856608 1.7338751 0.3508904 0.0160232 0.4930669 0.1846467 0.4985099 0.3529869 
Ex1        0.4894700 0.0173940 0.4234444 0.5076029 0.6954430 1.0836509 0.5173195 0.2120392 0.4486170 0.4825140 0.8281299 0.2120392 0.5092375 0.0000000 1.4873706 0.4934436 0.3976521 1.4420751 0.2066211 0.4951518 0.0086539 0.3945860 0.0042773 0.1952233 
Ex15       1.8159840 1.4604885 0.5504656 0.5466605 0.3037726 0.1336986 0.5408271 1.2773721 1.7322265 1.8086021 0.2218211 1.2773721 1.7986923 1.4873706 0.0000000 1.8010048 1.6810562 0.0197845 1.2922167 1.8071467 1.4555238 1.6521767 1.4743262 1.2905797 
Ex19       0.0244865 0.4599318 0.6126804 0.6914495 0.8875190 1.3024864 0.6657644 0.3405270 0.0249396 0.0286902 1.0395819 0.3261663 0.0202271 0.4934436 1.8010048 0.0000000 0.1611129 1.7223663 0.3348999 0.0285663 0.4772741 0.1708582 0.4991705 0.3369221 
Ex6        0.1816189 0.3663610 0.5130917 0.5884776 0.7955206 1.1975995 0.5810912 0.2529221 0.1412187 0.1874064 0.9424395 0.2529221 0.1856608 0.3976521 1.6810562 0.1611129 0.0000000 1.6051301 0.2608717 0.1863604 0.3824809 0.0084196 0.4034376 0.2488200 
Ex20       1.7630969 1.3891596 0.5264051 0.5230899 0.2849360 0.1440999 0.5026922 1.2567084 1.6565584 1.7557359 0.2140413 1.2362322 1.7338751 1.4420751 0.0197845 1.7223663 1.6051301 0.0000000 1.2512388 1.7677009 1.4112803 1.6180941 1.4472201 1.2503386 
Ex4        0.3469031 0.2063510 0.3057979 0.3834083 0.5400897 0.8781204 0.3769248 0.0139151 0.3091239 0.3404490 0.6622485 0.0046039 0.3508904 0.2066211 1.2922167 0.3348999 0.2608717 1.2512388 0.0000000 0.3525146 0.1942661 0.2590710 0.2120392 0.0093494 
Ex16       0.0039951 0.4943433 0.6131156 0.7091489 0.9238388 1.3395041 0.7209153 0.3436343 0.0460675 0.0080236 1.0551517 0.3581130 0.0160232 0.4951518 1.8071467 0.0285663 0.1863604 1.7677009 0.3525146 0.0000000 0.4791398 0.1746114 0.4845714 0.3400837 
Ex12       0.4734763 0.0086453 0.4086374 0.4916505 0.6768155 1.0582290 0.5011820 0.1996499 0.4330640 0.4665909 0.8075370 0.1996499 0.4930669 0.0086539 1.4555238 0.4772741 0.3824809 1.4112803 0.1942661 0.4791398 0.0000000 0.3795710 0.0129837 0.1829852 
Ex10       0.1806140 0.3787309 0.5088927 0.5834555 0.7881338 1.2114396 0.5942552 0.2379730 0.1508780 0.1863604 0.9129554 0.2512002 0.1846467 0.3945860 1.6521767 0.1708582 0.0084196 1.6180941 0.2590710 0.1746114 0.3795710 0.0000000 0.3850133 0.2471175 
Ex2        0.4951518 0.0217468 0.4289771 0.5131874 0.7010568 1.0892331 0.5229261 0.2048617 0.4543197 0.4882015 0.8143373 0.2174515 0.4985099 0.0042773 1.4743262 0.4991705 0.4034376 1.4472201 0.2120392 0.4845714 0.0129837 0.3850133 0.0000000 0.2006333 
Ex3        0.3344722 0.1949694 0.2937578 0.3707179 0.5432469 0.8814146 0.3791995 0.0140312 0.2968945 0.3280529 0.6657888 0.0140312 0.3529869 0.1952233 1.2905797 0.3369221 0.2488200 1.2503386 0.0093494 0.3400837 0.1829852 0.2471175 0.2006333 0.0000000 
